Block	Row	Col	Plots	Gen_code	Genotype	Plant_ID	Egg_HR_size_MAX_plant	Wash_HR_size_MAX_plant
1	5	1	21	1	BRO-030	1	0.31	0.01
1	2	2	7	1	BRO-030	2	0.73	0.56
1	4	3	18	1	NA	NA	NA	NA
1	8	4	39	1	BRO-030	4	0.26	0.00
1	1	5	5	1	BRO-030	5	0.07	0.03
2	10	6	106	1	NA	6	NA	NA
2	19	7	92	1	BRO-030	7	0.91	0.00
2	9	8	103	1	NA	NA	NA	NA
2	5	9	84	1	NA	NA	NA	NA
2	23	10	115	1	BRO-030	10	0.21	0.19
1	1	1	1	2	BRO-127	1	0.30	0.10
1	8	2	37	2	BRO-127	2	0.24	0.03
1	10	3	48	2	BRO-127	3	0.48	0.02
1	12	4	59	2	BRO-127	4	0.35	0.33
1	6	5	30	2	BRO-127	5	0.16	0.06
2	12	6	116	2	NA	6	NA	NA
2	15	7	72	2	BRO-127	7	0.18	0.11
2	23	8	113	2	BRO-127	8	1.03	0.10
2	21	9	104	2	BRO-127	9	0.39	0.00
2	14	10	70	2	BRO-127	10	0.78	0.25
1	4	1	16	3	CC-106	1	0.08	0.00
1	6	2	27	3	CC-106	2	0.01	0.03
1	11	3	53	3	CC-106	3	0.12	0.02
1	9	4	44	3	CC-106	4	0.12	0.00
1	3	5	15	3	CC-106	5	0.00	0.01
2	7	6	91	3	NA	6	NA	NA
2	22	7	107	3	CC-106	7	0.09	0.00
2	16	8	78	3	CC-106	8	0.15	0.00
2	23	9	114	3	CC-106	9	0.00	0.00
2	15	10	75	3	CC-106	10	0.11	0.01
1	11	1	51	4	CC-168	1	1.01	0.44
1	4	2	17	4	CC-168	2	0.20	0.02
1	2	3	8	4	CC-168	3	0.72	0.24
1	10	4	49	4	CC-168	4	0.80	0.32
1	8	5	40	4	CC-168	5	0.97	0.23
2	1	6	61	4	NA	6	NA	NA
2	17	7	82	4	CC-168	7	0.72	0.48
2	15	8	73	4	CC-168	8	0.77	0.31
2	20	9	99	4	CC-168	9	0.65	0.28
2	18	10	90	4	CC-168	10	0.24	0.34
1	7	1	31	5	CC-A03	1	0.47	0.10
1	10	2	47	5	CC-A03	2	0.40	0.33
1	5	3	23	5	CC-A03	3	0.98	1.03
1	6	4	29	5	CC-A03	4	0.06	0.46
1	12	5	60	5	CC-A03	5	1.33	1.04
2	6	6	86	5	NA	6	NA	NA
2	16	7	77	5	CC-A03	7	0.98	0.67
2	17	8	83	5	CC-A03	8	0.16	0.03
2	15	9	74	5	CC-A03	9	0.78	0.04
2	19	10	95	5	CC-A03	10	0.35	0.29
1	10	1	46	6	IMB211	1	2.94	0.97
1	3	2	12	6	IMB211	2	0.75	0.72
1	1	3	3	6	IMB211	3	0.21	1.50
1	2	4	9	6	IMB211	4	0.88	0.00
1	9	5	45	6	IMB211	5	0.89	1.31
2	5	6	81	6	NA	6	NA	NA
2	14	7	67	6	IMB211	7	1.00	0.99
2	24	8	118	6	IMB211	8	2.42	2.39
2	16	9	79	6	IMB211	9	0.93	1.27
2	13	10	65	6	IMB211	10	0.79	2.04
1	9	1	41	7	L58	1	0.73	1.59
1	7	2	32	7	L58	2	0.91	1.46
1	8	3	38	7	L58	3	0.79	0.55
1	3	4	14	7	NA	4	NA	NA
1	5	5	25	7	L58	5	1.10	1.15
2	3	6	71	7	NA	6	NA	NA
2	13	7	62	7	L58	7	0.94	1.74
2	20	8	98	7	L58	8	2.36	1.00
2	14	9	69	7	L58	9	1.38	1.43
2	21	10	105	7	L58	10	1.63	1.69
1	6	1	26	9	R500	1	1.03	0.02
1	5	2	22	9	R500	2	0.28	0.27
1	7	3	33	9	R500	3	0.58	0.01
1	11	4	54	9	R500	4	0.52	0.05
1	4	5	20	9	R500	5	0.55	0.11
2	2	6	66	9	NA	6	NA	NA
2	24	7	117	9	R500	7	0.51	0.41
2	22	8	108	9	R500	8	0.58	0.00
2	13	9	64	9	R500	9	0.67	0.04
2	17	10	85	9	R500	10	0.41	0.02
1	12	1	56	10	R-o-18	1	0.21	0.33
1	9	2	42	10	R-o-18	2	0.18	0.06
1	6	3	28	10	R-o-18	3	0.13	0.30
1	1	4	4	10	R-o-18	4	0.18	0.19
1	11	5	55	10	R-o-18	5	0.13	0.13
2	11	6	111	10	NA	6	NA	NA
2	21	7	102	10	R-o-18	7	0.51	0.00
2	13	8	63	10	R-o-18	8	0.10	0.02
2	18	9	89	10	R-o-18	9	0.63	0.03
2	16	10	80	10	R-o-18	10	0.09	0.03
1	8	1	36	8	B.nigra	1	2.73	8.77
1	1	2	2	8	NA	NA	NA	NA
1	3	3	13	8	NA	NA	NA	NA
1	4	4	19	8	NA	NA	NA	NA
1	7	5	35	8	B.nigra	5	2.32	5.34
2	4	6	76	8	NA	6	NA	NA
2	18	7	87	8	B.nigra	7	2.94	8.20
2	19	8	93	8	B.nigra	8	0.92	3.90
2	24	9	119	8	B.nigra	9	3.43	7.00
2	20	10	100	8	B.nigra	10	4.22	2.77
1	3	1	11	11	NA	NA	NA	NA
1	11	2	52	11	SO-040	2	1.23	0.31
1	12	3	58	11	SO-040	3	1.32	0.65
1	5	4	24	11	NA	NA	NA	NA
1	2	5	10	11	SO-040	5	0.04	0.00
2	9	6	101	11	NA	NA	NA	NA
2	20	7	97	11	SO-040	7	0.39	0.00
2	18	8	88	11	SO-040	8	0.99	0.06
2	22	9	109	11	SO-040	9	0.74	0.28
2	24	10	120	11	SO-040	10	0.05	0.47
