Genotype	Egg_HR_size_MAX_plant_Exp_1	Egg_HR_size_MAX_plant_Exp_2	Egg_HR_size_MAX_plant_Exp_3	Egg_HR_size_MAX_BLUE
RIL_1	NA	NA	NA	NA
RIL_2	0	2.21	NA	1.2
RIL_4	0.89	NA	2.33	1.61
RIL_5	0.92	0.63	1.04	0.86
RIL_6	0.58	1.16	0.25	0.66
RIL_8	1.38	NA	1.09	1.23
RIL_10	0.66	0.14	0.82	0.54
RIL_11	1.39	0.37	1.33	1.03
RIL_12	0.26	0.84	0.81	0.64
RIL_18	0.29	2.62	1.21	1.37
RIL_19	2.23	0.04	0.76	1.01
RIL_20	0.07	0.25	1.25	0.52
RIL_21	NA	0.73	1.3	0.93
RIL_22	0.65	0.86	1.83	1.11
RIL_23	0.02	1.47	1.11	0.87
RIL_25	0.14	0	0.23	0.12
RIL_26	0.13	0.43	0.52	0.36
RIL_28	0.08	1.25	0.12	0.48
RIL_29	0.14	0.48	1.41	0.68
RIL_30	0.76	0.14	0.86	0.59
RIL_31	0.55	0.54	0.48	0.52
RIL_32	0.81	1.21	0.76	0.93
RIL_33	0	0	0	0
RIL_34	0.57	0.14	0.31	0.34
RIL_35	2.74	NA	3.14	2.94
RIL_37	0.69	0.34	0.58	0.54
RIL_38	0	0.24	0.1	0.11
RIL_39	1.07	NA	1.24	1.15
RIL_40	0.61	NA	0.5	0.55
RIL_43	0.17	0.18	0.61	0.32
RIL_45	0.65	0.25	0.38	0.43
RIL_46	0.51	0.32	0.9	0.58
RIL_47	1.19	0.53	1.72	1.15
RIL_49	0.21	0.05	0.58	0.28
RIL_50	NA	0.38	0.68	0.44
RIL_51	0.78	0.78	1.04	0.87
RIL_53	0.34	0.94	0.77	0.68
RIL_55	0.87	0.3	0.5	0.56
RIL_56	0.1	0	0.74	0.28
RIL_57	0.76	0.28	0	0.35
RIL_58	0.67	0.94	0.91	0.84
RIL_59	2.78	2.38	1.59	2.25
RIL_60	1.96	0.43	0.9	1.1
RIL_61	0.35	0.23	1.58	0.72
RIL_62	0.54	0.46	0.39	0.46
RIL_63	0.3	0.03	0.55	0.29
RIL_65	0.13	0.31	0.59	0.34
RIL_66	0.04	0.11	0.63	0.26
RIL_67	0.25	0	NA	0.22
RIL_68	0.8	0.08	0.47	0.45
RIL_70	1.35	0.07	NA	0.8
RIL_71	0.62	0.26	1.86	0.91
RIL_72	0.03	0.42	0.42	0.29
RIL_73	0.56	0.33	0.57	0.49
RIL_74	NA	0.82	1.81	1.23
RIL_76	0	NA	0	0
RIL_77	2.08	1.57	2.33	1.99
RIL_78	0.66	0.26	1.17	0.7
RIL_79	0.61	0.54	0.81	0.65
RIL_80	0.57	0.53	1.11	0.74
RIL_81	2.7	0.44	0.45	1.2
RIL_83	0.61	0.09	0.92	0.54
RIL_85	0.43	0.27	1.73	0.81
RIL_86	0.54	0.12	0.23	0.3
RIL_87	0.42	0.23	2.09	0.91
RIL_88	0.11	NA	0.85	0.48
RIL_90	0.65	0.18	0.22	0.35
RIL_91	0.9	2.88	1.5	1.76
RIL_92	0	0.1	0	0.03
RIL_93	0.38	0.05	0.41	0.28
RIL_94	0.14	0.03	0.4	0.19
RIL_96	0.19	1.9	2.37	1.49
RIL_97	NA	0	0.38	0.1
RIL_99	0.61	0.29	1.55	0.82
RIL_100	0.61	0.27	0.7	0.53
RIL_101	0.54	0.31	1.8	0.88
RIL_102	1.2	0.32	0.42	0.65
RIL_104	0.8	1.52	0.95	1.09
RIL_105	0.21	0.59	0.04	0.28
RIL_106	0.76	0.31	1.25	0.77
RIL_107	1.1	1.33	0.15	0.86
RIL_108	0.13	0.06	0.31	0.17
RIL_109	0.65	1.13	1.68	1.15
RIL_110	0.2	0.88	0.78	0.62
RIL_111	NA	1.53	1.6	1.48
RIL_112	0.1	0.96	1.21	0.76
RIL_114	0.72	1.36	2.56	1.55
RIL_115	0.54	0.52	0.1	0.39
RIL_116	0	0.51	2.04	0.85
RIL_118	0.99	0.67	0.67	0.78
RIL_119	0.46	1.34	1.13	0.98
RIL_120	0.23	0.77	0.79	0.6
RIL_121	0.39	NA	0.67	0.53
RIL_122	0.71	0.54	0.68	0.64
RIL_123	NA	0.62	0	0.22
RIL_124	0.39	0.32	0.54	0.42
RIL_125	0.31	0.74	1.15	0.73
RIL_126	0.05	0.33	0.13	0.17
RIL_127	0.64	2.48	2.81	1.98
RIL_128	0.07	1.51	0.67	0.75
RIL_129	0.52	0.57	1.06	0.72
RIL_130	0.21	0.05	0.61	0.29
RIL_131	0.72	1.91	1.66	1.43
RIL_132	0.18	0	0.07	0.08
RIL_133	0.68	0.65	0.72	0.68
RIL_134	1.08	2.67	2.51	2.09
RIL_135	0.72	3.09	1.41	1.74
RIL_136	0.78	1.16	0.97	0.97
RIL_137	0.5	1.32	1.24	1.02
RIL_140	0.69	0.54	0.72	0.65
RIL_142	0.89	0.94	0.34	0.72
RIL_143	0.31	0.46	0.6	0.46
RIL_144	0.93	0.91	1.58	1.14
RIL_145	0	0.04	0.4	0.15
RIL_146	NA	NA	NA	NA
RIL_149	0	1.42	2.26	1.23
RIL_150	NA	NA	NA	NA
RIL_151	0.36	0.91	0.89	0.72
RIL_152	1.91	1.05	1.38	1.45
RIL_153	0.64	0.63	0.74	0.67
RIL_154	0	0.64	1.54	0.73
RIL_157	0	1.01	1.66	0.89
RIL_158	0.78	1.4	1.7	1.29
RIL_159	0.57	1.74	2.08	1.46
RIL_160	NA	NA	NA	NA
RIL_161	0.13	1.05	0.42	0.53
RIL_162	0.31	0.75	0.44	0.5
RIL_163	0	1.38	2.03	1.14
RIL_164	NA	1.1	0.66	0.79
RIL_165	0.45	0.42	1.63	0.83
RIL_166	0.9	0.4	0.51	0.6
RIL_167	0	1.19	0.49	0.56
RIL_168	0.39	1.1	0.21	0.57
RIL_170	3.05	1.52	2.32	2.3
RIL_171	0.33	NA	1.19	0.76
RIL_172	0.64	0.76	2.1	1.17
RIL_173	0	0.33	0.19	0.17
RIL_174	0.47	NA	0.53	0.5
RIL_175	0.16	0.91	0.72	0.6
RIL_177	0.33	0.3	0.43	0.35
RIL_178	0	0.16	0.18	0.11
RIL_179	0.04	0.53	0.43	0.33
RIL_182	0.3	0.75	0	0.35
RIL_183	0.24	1.28	1.01	0.84
RIL_184	0.98	1.06	1.08	1.04
RIL_185	NA	NA	NA	NA
RIL_186	0.7	0.85	0.5	0.68
RIL_187	0	0.65	0.88	0.51
RIL_188	0.36	0.65	0.54	0.52
RIL_189	0.26	1.35	1.26	0.96
RIL_190	0.39	0	0.8	0.4
RIL_191	1.22	NA	0.43	0.82
RIL_192	0.68	0.41	0.64	0.58
RIL_193	0	0.6	0.48	0.36
RIL_194	0.83	0.65	1.12	0.87
RIL_196	0.07	0.56	0.39	0.34
RIL_197	0.12	1.43	0.65	0.73
RIL_198	1.65	2.82	2.68	2.38
RIL_199	0.41	0.09	0.53	0.34
RIL_200	1.5	1.45	2.46	1.8
L58	0.94	0.95	1.78	1.53
R-o-18	0.1	0.88	0.65	0.49
L58	1.71	0.9	-	-
R-o-18	0	0.95	-	-
L58	1.83	-	-	-
L58	1.3	-	-	-
R-o-18	0.27	-	-	-
R-o-18	0.07	-	-	-